  i|  p|  B 
  0|  2|  0000000000
  1|  1|  0000000001
  2|  2|  0000000011
  3|  1|  0000000010
  4|  3|  0000000110
  5|  1|  0000000111
  6|  2|  0000000101
  7|  1|  0000000100
  8|  4|  0000001100
  9|  1|  0000001101
  10|  2|  0000001111
  11|  1|  0000001110
  12|  2|  0000001010
  13|  1|  0000001011
  14|  2|  0000001001
  15|  1|  0000001000
  16|  5|  0000011000
  17|  1|  0000011001
  18|  2|  0000011011
  19|  1|  0000011010
  20|  2|  0000011110
  21|  1|  0000011111
  22|  2|  0000011101
  23|  1|  0000011100
  24|  2|  0000010100
  25|  1|  0000010101
  26|  2|  0000010111
  27|  1|  0000010110
  28|  2|  0000010010
  29|  1|  0000010011
  30|  2|  0000010001
  31|  1|  0000010000
  32|  6|  0000110000
  33|  1|  0000110001
  34|  2|  0000110011
  35|  1|  0000110010
  36|  2|  0000110110
  37|  1|  0000110111
  38|  2|  0000110101
  39|  1|  0000110100
  40|  2|  0000111100
  41|  1|  0000111101
  42|  2|  0000111111
  43|  1|  0000111110
  44|  2|  0000111010
  45|  1|  0000111011
  46|  2|  0000111001
  47|  1|  0000111000
  48|  2|  0000101000
  49|  1|  0000101001
  50|  2|  0000101011
  51|  1|  0000101010
  52|  2|  0000101110
  53|  1|  0000101111
  54|  2|  0000101101
  55|  1|  0000101100
  56|  2|  0000100100
  57|  1|  0000100101
  58|  2|  0000100111
  59|  1|  0000100110
  60|  2|  0000100010
  61|  1|  0000100011
  62|  2|  0000100001
  63|  1|  0000100000
  64|  7|  0001100000
  65|  1|  0001100001
  66|  2|  0001100011
  67|  1|  0001100010
  68|  2|  0001100110
  69|  1|  0001100111
  70|  2|  0001100101
  71|  1|  0001100100
  72|  2|  0001101100
  73|  1|  0001101101
  74|  2|  0001101111
  75|  1|  0001101110
  76|  2|  0001101010
  77|  1|  0001101011
  78|  2|  0001101001
  79|  1|  0001101000
  80|  2|  0001111000
  81|  1|  0001111001
  82|  2|  0001111011
  83|  1|  0001111010
  84|  2|  0001111110
  85|  1|  0001111111
  86|  2|  0001111101
  87|  1|  0001111100
  88|  2|  0001110100
  89|  1|  0001110101
  90|  2|  0001110111
  91|  1|  0001110110
  92|  2|  0001110010
  93|  1|  0001110011
  94|  2|  0001110001
  95|  1|  0001110000
  96|  2|  0001010000
  97|  1|  0001010001
  98|  2|  0001010011
  99|  1|  0001010010
  100|  2|  0001010110
  101|  1|  0001010111
  102|  2|  0001010101
  103|  1|  0001010100
  104|  2|  0001011100
  105|  1|  0001011101
  106|  2|  0001011111
  107|  1|  0001011110
  108|  2|  0001011010
  109|  1|  0001011011
  110|  2|  0001011001
  111|  1|  0001011000
  112|  2|  0001001000
  113|  1|  0001001001
  114|  2|  0001001011
  115|  1|  0001001010
  116|  2|  0001001110
  117|  1|  0001001111
  118|  2|  0001001101
  119|  1|  0001001100
  120|  2|  0001000100
  121|  1|  0001000101
  122|  2|  0001000111
  123|  1|  0001000110
  124|  2|  0001000010
  125|  1|  0001000011
  126|  2|  0001000001
  127|  1|  0001000000
  128|  8|  0011000000
  129|  1|  0011000001
  130|  2|  0011000011
  131|  1|  0011000010
  132|  2|  0011000110
  133|  1|  0011000111
  134|  2|  0011000101
  135|  1|  0011000100
  136|  2|  0011001100
  137|  1|  0011001101
  138|  2|  0011001111
  139|  1|  0011001110
  140|  2|  0011001010
  141|  1|  0011001011
  142|  2|  0011001001
  143|  1|  0011001000
  144|  2|  0011011000
  145|  1|  0011011001
  146|  2|  0011011011
  147|  1|  0011011010
  148|  2|  0011011110
  149|  1|  0011011111
  150|  2|  0011011101
  151|  1|  0011011100
  152|  2|  0011010100
  153|  1|  0011010101
  154|  2|  0011010111
  155|  1|  0011010110
  156|  2|  0011010010
  157|  1|  0011010011
  158|  2|  0011010001
  159|  1|  0011010000
  160|  2|  0011110000
  161|  1|  0011110001
  162|  2|  0011110011
  163|  1|  0011110010
  164|  2|  0011110110
  165|  1|  0011110111
  166|  2|  0011110101
  167|  1|  0011110100
  168|  2|  0011111100
  169|  1|  0011111101
  170|  2|  0011111111
  171|  1|  0011111110
  172|  2|  0011111010
  173|  1|  0011111011
  174|  2|  0011111001
  175|  1|  0011111000
  176|  2|  0011101000
  177|  1|  0011101001
  178|  2|  0011101011
  179|  1|  0011101010
  180|  2|  0011101110
  181|  1|  0011101111
  182|  2|  0011101101
  183|  1|  0011101100
  184|  2|  0011100100
  185|  1|  0011100101
  186|  2|  0011100111
  187|  1|  0011100110
  188|  2|  0011100010
  189|  1|  0011100011
  190|  2|  0011100001
  191|  1|  0011100000
  192|  2|  0010100000
  193|  1|  0010100001
  194|  2|  0010100011
  195|  1|  0010100010
  196|  2|  0010100110
  197|  1|  0010100111
  198|  2|  0010100101
  199|  1|  0010100100
  200|  2|  0010101100
  201|  1|  0010101101
  202|  2|  0010101111
  203|  1|  0010101110
  204|  2|  0010101010
  205|  1|  0010101011
  206|  2|  0010101001
  207|  1|  0010101000
  208|  2|  0010111000
  209|  1|  0010111001
  210|  2|  0010111011
  211|  1|  0010111010
  212|  2|  0010111110
  213|  1|  0010111111
  214|  2|  0010111101
  215|  1|  0010111100
  216|  2|  0010110100
  217|  1|  0010110101
  218|  2|  0010110111
  219|  1|  0010110110
  220|  2|  0010110010
  221|  1|  0010110011
  222|  2|  0010110001
  223|  1|  0010110000
  224|  2|  0010010000
  225|  1|  0010010001
  226|  2|  0010010011
  227|  1|  0010010010
  228|  2|  0010010110
  229|  1|  0010010111
  230|  2|  0010010101
  231|  1|  0010010100
  232|  2|  0010011100
  233|  1|  0010011101
  234|  2|  0010011111
  235|  1|  0010011110
  236|  2|  0010011010
  237|  1|  0010011011
  238|  2|  0010011001
  239|  1|  0010011000
  240|  2|  0010001000
  241|  1|  0010001001
  242|  2|  0010001011
  243|  1|  0010001010
  244|  2|  0010001110
  245|  1|  0010001111
  246|  2|  0010001101
  247|  1|  0010001100
  248|  2|  0010000100
  249|  1|  0010000101
  250|  2|  0010000111
  251|  1|  0010000110
  252|  2|  0010000010
  253|  1|  0010000011
  254|  2|  0010000001
  255|  1|  0010000000
  256|  9|  0110000000
  257|  1|  0110000001
  258|  2|  0110000011
  259|  1|  0110000010
  260|  2|  0110000110
  261|  1|  0110000111
  262|  2|  0110000101
  263|  1|  0110000100
  264|  2|  0110001100
  265|  1|  0110001101
  266|  2|  0110001111
  267|  1|  0110001110
  268|  2|  0110001010
  269|  1|  0110001011
  270|  2|  0110001001
  271|  1|  0110001000
  272|  2|  0110011000
  273|  1|  0110011001
  274|  2|  0110011011
  275|  1|  0110011010
  276|  2|  0110011110
  277|  1|  0110011111
  278|  2|  0110011101
  279|  1|  0110011100
  280|  2|  0110010100
  281|  1|  0110010101
  282|  2|  0110010111
  283|  1|  0110010110
  284|  2|  0110010010
  285|  1|  0110010011
  286|  2|  0110010001
  287|  1|  0110010000
  288|  2|  0110110000
  289|  1|  0110110001
  290|  2|  0110110011
  291|  1|  0110110010
  292|  2|  0110110110
  293|  1|  0110110111
  294|  2|  0110110101
  295|  1|  0110110100
  296|  2|  0110111100
  297|  1|  0110111101
  298|  2|  0110111111
  299|  1|  0110111110
  300|  2|  0110111010
  301|  1|  0110111011
  302|  2|  0110111001
  303|  1|  0110111000
  304|  2|  0110101000
  305|  1|  0110101001
  306|  2|  0110101011
  307|  1|  0110101010
  308|  2|  0110101110
  309|  1|  0110101111
  310|  2|  0110101101
  311|  1|  0110101100
  312|  2|  0110100100
  313|  1|  0110100101
  314|  2|  0110100111
  315|  1|  0110100110
  316|  2|  0110100010
  317|  1|  0110100011
  318|  2|  0110100001
  319|  1|  0110100000
  320|  2|  0111100000
  321|  1|  0111100001
  322|  2|  0111100011
  323|  1|  0111100010
  324|  2|  0111100110
  325|  1|  0111100111
  326|  2|  0111100101
  327|  1|  0111100100
  328|  2|  0111101100
  329|  1|  0111101101
  330|  2|  0111101111
  331|  1|  0111101110
  332|  2|  0111101010
  333|  1|  0111101011
  334|  2|  0111101001
  335|  1|  0111101000
  336|  2|  0111111000
  337|  1|  0111111001
  338|  2|  0111111011
  339|  1|  0111111010
  340|  2|  0111111110
  341|  1|  0111111111
  342|  2|  0111111101
  343|  1|  0111111100
  344|  2|  0111110100
  345|  1|  0111110101
  346|  2|  0111110111
  347|  1|  0111110110
  348|  2|  0111110010
  349|  1|  0111110011
  350|  2|  0111110001
  351|  1|  0111110000
  352|  2|  0111010000
  353|  1|  0111010001
  354|  2|  0111010011
  355|  1|  0111010010
  356|  2|  0111010110
  357|  1|  0111010111
  358|  2|  0111010101
  359|  1|  0111010100
  360|  2|  0111011100
  361|  1|  0111011101
  362|  2|  0111011111
  363|  1|  0111011110
  364|  2|  0111011010
  365|  1|  0111011011
  366|  2|  0111011001
  367|  1|  0111011000
  368|  2|  0111001000
  369|  1|  0111001001
  370|  2|  0111001011
  371|  1|  0111001010
  372|  2|  0111001110
  373|  1|  0111001111
  374|  2|  0111001101
  375|  1|  0111001100
  376|  2|  0111000100
  377|  1|  0111000101
  378|  2|  0111000111
  379|  1|  0111000110
  380|  2|  0111000010
  381|  1|  0111000011
  382|  2|  0111000001
  383|  1|  0111000000
  384|  2|  0101000000
  385|  1|  0101000001
  386|  2|  0101000011
  387|  1|  0101000010
  388|  2|  0101000110
  389|  1|  0101000111
  390|  2|  0101000101
  391|  1|  0101000100
  392|  2|  0101001100
  393|  1|  0101001101
  394|  2|  0101001111
  395|  1|  0101001110
  396|  2|  0101001010
  397|  1|  0101001011
  398|  2|  0101001001
  399|  1|  0101001000
  400|  2|  0101011000
  401|  1|  0101011001
  402|  2|  0101011011
  403|  1|  0101011010
  404|  2|  0101011110
  405|  1|  0101011111
  406|  2|  0101011101
  407|  1|  0101011100
  408|  2|  0101010100
  409|  1|  0101010101
  410|  2|  0101010111
  411|  1|  0101010110
  412|  2|  0101010010
  413|  1|  0101010011
  414|  2|  0101010001
  415|  1|  0101010000
  416|  2|  0101110000
  417|  1|  0101110001
  418|  2|  0101110011
  419|  1|  0101110010
  420|  2|  0101110110
  421|  1|  0101110111
  422|  2|  0101110101
  423|  1|  0101110100
  424|  2|  0101111100
  425|  1|  0101111101
  426|  2|  0101111111
  427|  1|  0101111110
  428|  2|  0101111010
  429|  1|  0101111011
  430|  2|  0101111001
  431|  1|  0101111000
  432|  2|  0101101000
  433|  1|  0101101001
  434|  2|  0101101011
  435|  1|  0101101010
  436|  2|  0101101110
  437|  1|  0101101111
  438|  2|  0101101101
  439|  1|  0101101100
  440|  2|  0101100100
  441|  1|  0101100101
  442|  2|  0101100111
  443|  1|  0101100110
  444|  2|  0101100010
  445|  1|  0101100011
  446|  2|  0101100001
  447|  1|  0101100000
  448|  2|  0100100000
  449|  1|  0100100001
  450|  2|  0100100011
  451|  1|  0100100010
  452|  2|  0100100110
  453|  1|  0100100111
  454|  2|  0100100101
  455|  1|  0100100100
  456|  2|  0100101100
  457|  1|  0100101101
  458|  2|  0100101111
  459|  1|  0100101110
  460|  2|  0100101010
  461|  1|  0100101011
  462|  2|  0100101001
  463|  1|  0100101000
  464|  2|  0100111000
  465|  1|  0100111001
  466|  2|  0100111011
  467|  1|  0100111010
  468|  2|  0100111110
  469|  1|  0100111111
  470|  2|  0100111101
  471|  1|  0100111100
  472|  2|  0100110100
  473|  1|  0100110101
  474|  2|  0100110111
  475|  1|  0100110110
  476|  2|  0100110010
  477|  1|  0100110011
  478|  2|  0100110001
  479|  1|  0100110000
  480|  2|  0100010000
  481|  1|  0100010001
  482|  2|  0100010011
  483|  1|  0100010010
  484|  2|  0100010110
  485|  1|  0100010111
  486|  2|  0100010101
  487|  1|  0100010100
  488|  2|  0100011100
  489|  1|  0100011101
  490|  2|  0100011111
  491|  1|  0100011110
  492|  2|  0100011010
  493|  1|  0100011011
  494|  2|  0100011001
  495|  1|  0100011000
  496|  2|  0100001000
  497|  1|  0100001001
  498|  2|  0100001011
  499|  1|  0100001010
  500|  2|  0100001110
  501|  1|  0100001111
  502|  2|  0100001101
  503|  1|  0100001100
  504|  2|  0100000100
  505|  1|  0100000101
  506|  2|  0100000111
  507|  1|  0100000110
  508|  2|  0100000010
  509|  1|  0100000011
  510|  2|  0100000001
  511|  1|  0100000000
  512|  10|  1100000000
  513|  1|  1100000001
  514|  2|  1100000011
  515|  1|  1100000010
  516|  2|  1100000110
  517|  1|  1100000111
  518|  2|  1100000101
  519|  1|  1100000100
  520|  2|  1100001100
  521|  1|  1100001101
  522|  2|  1100001111
  523|  1|  1100001110
  524|  2|  1100001010
  525|  1|  1100001011
  526|  2|  1100001001
  527|  1|  1100001000
  528|  2|  1100011000
  529|  1|  1100011001
  530|  2|  1100011011
  531|  1|  1100011010
  532|  2|  1100011110
  533|  1|  1100011111
  534|  2|  1100011101
  535|  1|  1100011100
  536|  2|  1100010100
  537|  1|  1100010101
  538|  2|  1100010111
  539|  1|  1100010110
  540|  2|  1100010010
  541|  1|  1100010011
  542|  2|  1100010001
  543|  1|  1100010000
  544|  2|  1100110000
  545|  1|  1100110001
  546|  2|  1100110011
  547|  1|  1100110010
  548|  2|  1100110110
  549|  1|  1100110111
  550|  2|  1100110101
  551|  1|  1100110100
  552|  2|  1100111100
  553|  1|  1100111101
  554|  2|  1100111111
  555|  1|  1100111110
  556|  2|  1100111010
  557|  1|  1100111011
  558|  2|  1100111001
  559|  1|  1100111000
  560|  2|  1100101000
  561|  1|  1100101001
  562|  2|  1100101011
  563|  1|  1100101010
  564|  2|  1100101110
  565|  1|  1100101111
  566|  2|  1100101101
  567|  1|  1100101100
  568|  2|  1100100100
  569|  1|  1100100101
  570|  2|  1100100111
  571|  1|  1100100110
  572|  2|  1100100010
  573|  1|  1100100011
  574|  2|  1100100001
  575|  1|  1100100000
  576|  2|  1101100000
  577|  1|  1101100001
  578|  2|  1101100011
  579|  1|  1101100010
  580|  2|  1101100110
  581|  1|  1101100111
  582|  2|  1101100101
  583|  1|  1101100100
  584|  2|  1101101100
  585|  1|  1101101101
  586|  2|  1101101111
  587|  1|  1101101110
  588|  2|  1101101010
  589|  1|  1101101011
  590|  2|  1101101001
  591|  1|  1101101000
  592|  2|  1101111000
  593|  1|  1101111001
  594|  2|  1101111011
  595|  1|  1101111010
  596|  2|  1101111110
  597|  1|  1101111111
  598|  2|  1101111101
  599|  1|  1101111100
  600|  2|  1101110100
  601|  1|  1101110101
  602|  2|  1101110111
  603|  1|  1101110110
  604|  2|  1101110010
  605|  1|  1101110011
  606|  2|  1101110001
  607|  1|  1101110000
  608|  2|  1101010000
  609|  1|  1101010001
  610|  2|  1101010011
  611|  1|  1101010010
  612|  2|  1101010110
  613|  1|  1101010111
  614|  2|  1101010101
  615|  1|  1101010100
  616|  2|  1101011100
  617|  1|  1101011101
  618|  2|  1101011111
  619|  1|  1101011110
  620|  2|  1101011010
  621|  1|  1101011011
  622|  2|  1101011001
  623|  1|  1101011000
  624|  2|  1101001000
  625|  1|  1101001001
  626|  2|  1101001011
  627|  1|  1101001010
  628|  2|  1101001110
  629|  1|  1101001111
  630|  2|  1101001101
  631|  1|  1101001100
  632|  2|  1101000100
  633|  1|  1101000101
  634|  2|  1101000111
  635|  1|  1101000110
  636|  2|  1101000010
  637|  1|  1101000011
  638|  2|  1101000001
  639|  1|  1101000000
  640|  2|  1111000000
  641|  1|  1111000001
  642|  2|  1111000011
  643|  1|  1111000010
  644|  2|  1111000110
  645|  1|  1111000111
  646|  2|  1111000101
  647|  1|  1111000100
  648|  2|  1111001100
  649|  1|  1111001101
  650|  2|  1111001111
  651|  1|  1111001110
  652|  2|  1111001010
  653|  1|  1111001011
  654|  2|  1111001001
  655|  1|  1111001000
  656|  2|  1111011000
  657|  1|  1111011001
  658|  2|  1111011011
  659|  1|  1111011010
  660|  2|  1111011110
  661|  1|  1111011111
  662|  2|  1111011101
  663|  1|  1111011100
  664|  2|  1111010100
  665|  1|  1111010101
  666|  2|  1111010111
  667|  1|  1111010110
  668|  2|  1111010010
  669|  1|  1111010011
  670|  2|  1111010001
  671|  1|  1111010000
  672|  2|  1111110000
  673|  1|  1111110001
  674|  2|  1111110011
  675|  1|  1111110010
  676|  2|  1111110110
  677|  1|  1111110111
  678|  2|  1111110101
  679|  1|  1111110100
  680|  2|  1111111100
  681|  1|  1111111101
  682|  2|  1111111111
  683|  1|  1111111110
  684|  2|  1111111010
  685|  1|  1111111011
  686|  2|  1111111001
  687|  1|  1111111000
  688|  2|  1111101000
  689|  1|  1111101001
  690|  2|  1111101011
  691|  1|  1111101010
  692|  2|  1111101110
  693|  1|  1111101111
  694|  2|  1111101101
  695|  1|  1111101100
  696|  2|  1111100100
  697|  1|  1111100101
  698|  2|  1111100111
  699|  1|  1111100110
  700|  2|  1111100010
  701|  1|  1111100011
  702|  2|  1111100001
  703|  1|  1111100000
  704|  2|  1110100000
  705|  1|  1110100001
  706|  2|  1110100011
  707|  1|  1110100010
  708|  2|  1110100110
  709|  1|  1110100111
  710|  2|  1110100101
  711|  1|  1110100100
  712|  2|  1110101100
  713|  1|  1110101101
  714|  2|  1110101111
  715|  1|  1110101110
  716|  2|  1110101010
  717|  1|  1110101011
  718|  2|  1110101001
  719|  1|  1110101000
  720|  2|  1110111000
  721|  1|  1110111001
  722|  2|  1110111011
  723|  1|  1110111010
  724|  2|  1110111110
  725|  1|  1110111111
  726|  2|  1110111101
  727|  1|  1110111100
  728|  2|  1110110100
  729|  1|  1110110101
  730|  2|  1110110111
  731|  1|  1110110110
  732|  2|  1110110010
  733|  1|  1110110011
  734|  2|  1110110001
  735|  1|  1110110000
  736|  2|  1110010000
  737|  1|  1110010001
  738|  2|  1110010011
  739|  1|  1110010010
  740|  2|  1110010110
  741|  1|  1110010111
  742|  2|  1110010101
  743|  1|  1110010100
  744|  2|  1110011100
  745|  1|  1110011101
  746|  2|  1110011111
  747|  1|  1110011110
  748|  2|  1110011010
  749|  1|  1110011011
  750|  2|  1110011001
  751|  1|  1110011000
  752|  2|  1110001000
  753|  1|  1110001001
  754|  2|  1110001011
  755|  1|  1110001010
  756|  2|  1110001110
  757|  1|  1110001111
  758|  2|  1110001101
  759|  1|  1110001100
  760|  2|  1110000100
  761|  1|  1110000101
  762|  2|  1110000111
  763|  1|  1110000110
  764|  2|  1110000010
  765|  1|  1110000011
  766|  2|  1110000001
  767|  1|  1110000000
  768|  2|  1010000000
  769|  1|  1010000001
  770|  2|  1010000011
  771|  1|  1010000010
  772|  2|  1010000110
  773|  1|  1010000111
  774|  2|  1010000101
  775|  1|  1010000100
  776|  2|  1010001100
  777|  1|  1010001101
  778|  2|  1010001111
  779|  1|  1010001110
  780|  2|  1010001010
  781|  1|  1010001011
  782|  2|  1010001001
  783|  1|  1010001000
  784|  2|  1010011000
  785|  1|  1010011001
  786|  2|  1010011011
  787|  1|  1010011010
  788|  2|  1010011110
  789|  1|  1010011111
  790|  2|  1010011101
  791|  1|  1010011100
  792|  2|  1010010100
  793|  1|  1010010101
  794|  2|  1010010111
  795|  1|  1010010110
  796|  2|  1010010010
  797|  1|  1010010011
  798|  2|  1010010001
  799|  1|  1010010000
  800|  2|  1010110000
  801|  1|  1010110001
  802|  2|  1010110011
  803|  1|  1010110010
  804|  2|  1010110110
  805|  1|  1010110111
  806|  2|  1010110101
  807|  1|  1010110100
  808|  2|  1010111100
  809|  1|  1010111101
  810|  2|  1010111111
  811|  1|  1010111110
  812|  2|  1010111010
  813|  1|  1010111011
  814|  2|  1010111001
  815|  1|  1010111000
  816|  2|  1010101000
  817|  1|  1010101001
  818|  2|  1010101011
  819|  1|  1010101010
  820|  2|  1010101110
  821|  1|  1010101111
  822|  2|  1010101101
  823|  1|  1010101100
  824|  2|  1010100100
  825|  1|  1010100101
  826|  2|  1010100111
  827|  1|  1010100110
  828|  2|  1010100010
  829|  1|  1010100011
  830|  2|  1010100001
  831|  1|  1010100000
  832|  2|  1011100000
  833|  1|  1011100001
  834|  2|  1011100011
  835|  1|  1011100010
  836|  2|  1011100110
  837|  1|  1011100111
  838|  2|  1011100101
  839|  1|  1011100100
  840|  2|  1011101100
  841|  1|  1011101101
  842|  2|  1011101111
  843|  1|  1011101110
  844|  2|  1011101010
  845|  1|  1011101011
  846|  2|  1011101001
  847|  1|  1011101000
  848|  2|  1011111000
  849|  1|  1011111001
  850|  2|  1011111011
  851|  1|  1011111010
  852|  2|  1011111110
  853|  1|  1011111111
  854|  2|  1011111101
  855|  1|  1011111100
  856|  2|  1011110100
  857|  1|  1011110101
  858|  2|  1011110111
  859|  1|  1011110110
  860|  2|  1011110010
  861|  1|  1011110011
  862|  2|  1011110001
  863|  1|  1011110000
  864|  2|  1011010000
  865|  1|  1011010001
  866|  2|  1011010011
  867|  1|  1011010010
  868|  2|  1011010110
  869|  1|  1011010111
  870|  2|  1011010101
  871|  1|  1011010100
  872|  2|  1011011100
  873|  1|  1011011101
  874|  2|  1011011111
  875|  1|  1011011110
  876|  2|  1011011010
  877|  1|  1011011011
  878|  2|  1011011001
  879|  1|  1011011000
  880|  2|  1011001000
  881|  1|  1011001001
  882|  2|  1011001011
  883|  1|  1011001010
  884|  2|  1011001110
  885|  1|  1011001111
  886|  2|  1011001101
  887|  1|  1011001100
  888|  2|  1011000100
  889|  1|  1011000101
  890|  2|  1011000111
  891|  1|  1011000110
  892|  2|  1011000010
  893|  1|  1011000011
  894|  2|  1011000001
  895|  1|  1011000000
  896|  2|  1001000000
  897|  1|  1001000001
  898|  2|  1001000011
  899|  1|  1001000010
  900|  2|  1001000110
  901|  1|  1001000111
  902|  2|  1001000101
  903|  1|  1001000100
  904|  2|  1001001100
  905|  1|  1001001101
  906|  2|  1001001111
  907|  1|  1001001110
  908|  2|  1001001010
  909|  1|  1001001011
  910|  2|  1001001001
  911|  1|  1001001000
  912|  2|  1001011000
  913|  1|  1001011001
  914|  2|  1001011011
  915|  1|  1001011010
  916|  2|  1001011110
  917|  1|  1001011111
  918|  2|  1001011101
  919|  1|  1001011100
  920|  2|  1001010100
  921|  1|  1001010101
  922|  2|  1001010111
  923|  1|  1001010110
  924|  2|  1001010010
  925|  1|  1001010011
  926|  2|  1001010001
  927|  1|  1001010000
  928|  2|  1001110000
  929|  1|  1001110001
  930|  2|  1001110011
  931|  1|  1001110010
  932|  2|  1001110110
  933|  1|  1001110111
  934|  2|  1001110101
  935|  1|  1001110100
  936|  2|  1001111100
  937|  1|  1001111101
  938|  2|  1001111111
  939|  1|  1001111110
  940|  2|  1001111010
  941|  1|  1001111011
  942|  2|  1001111001
  943|  1|  1001111000
  944|  2|  1001101000
  945|  1|  1001101001
  946|  2|  1001101011
  947|  1|  1001101010
  948|  2|  1001101110
  949|  1|  1001101111
  950|  2|  1001101101
  951|  1|  1001101100
  952|  2|  1001100100
  953|  1|  1001100101
  954|  2|  1001100111
  955|  1|  1001100110
  956|  2|  1001100010
  957|  1|  1001100011
  958|  2|  1001100001
  959|  1|  1001100000
  960|  2|  1000100000
  961|  1|  1000100001
  962|  2|  1000100011
  963|  1|  1000100010
  964|  2|  1000100110
  965|  1|  1000100111
  966|  2|  1000100101
  967|  1|  1000100100
  968|  2|  1000101100
  969|  1|  1000101101
  970|  2|  1000101111
  971|  1|  1000101110
  972|  2|  1000101010
  973|  1|  1000101011
  974|  2|  1000101001
  975|  1|  1000101000
  976|  2|  1000111000
  977|  1|  1000111001
  978|  2|  1000111011
  979|  1|  1000111010
  980|  2|  1000111110
  981|  1|  1000111111
  982|  2|  1000111101
  983|  1|  1000111100
  984|  2|  1000110100
  985|  1|  1000110101
  986|  2|  1000110111
  987|  1|  1000110110
  988|  2|  1000110010
  989|  1|  1000110011
  990|  2|  1000110001
  991|  1|  1000110000
  992|  2|  1000010000
  993|  1|  1000010001
  994|  2|  1000010011
  995|  1|  1000010010
  996|  2|  1000010110
  997|  1|  1000010111
  998|  2|  1000010101
  999|  1|  1000010100
  1000|  2|  1000011100
  1001|  1|  1000011101
  1002|  2|  1000011111
  1003|  1|  1000011110
  1004|  2|  1000011010
  1005|  1|  1000011011
  1006|  2|  1000011001
  1007|  1|  1000011000
  1008|  2|  1000001000
  1009|  1|  1000001001
  1010|  2|  1000001011
  1011|  1|  1000001010
  1012|  2|  1000001110
  1013|  1|  1000001111
  1014|  2|  1000001101
  1015|  1|  1000001100
  1016|  2|  1000000100
  1017|  1|  1000000101
  1018|  2|  1000000111
  1019|  1|  1000000110
  1020|  2|  1000000010
  1021|  1|  1000000011
  1022|  2|  1000000001
  1023|  1|  1000000000
